1764594424705 0.6938642263412476 0
1764594424706 0.7060190439224243 0
1764594424707 0.7171177864074707 0
1764594424707 0.6968953013420105 0
1764594424708 0.6851224899291992 0
1764594424708 0.7071722149848938 0
1764594424709 0.7025963068008423 0
1764594424710 0.704140305519104 0
1764594424710 0.7091608047485352 0
1764594424711 0.7062332630157471 0
1764594424711 0.6730737686157227 0
1764594424712 0.6953686475753784 0
1764594424712 0.7048608064651489 0
1764594424713 0.6954618692398071 0
1764594424713 0.69455885887146 0
1764594424714 0.6943876147270203 0
1764594424714 0.681542158126831 1
1764594424715 0.70277339220047 1
1764594424716 0.6963413953781128 1
1764594424716 0.6887476444244385 1
1764594424717 0.6895550489425659 1
1764594424717 0.6939661502838135 1
1764594424718 0.6931244134902954 1
1764594424718 0.7114484310150146 1
1764594424719 0.6980907917022705 1
1764594424719 0.6951828002929688 1
1764594424720 0.7024593353271484 1
1764594424720 0.6911616325378418 1
1764594424721 0.6961666941642761 1
1764594424721 0.6991673111915588 1
1764594424722 0.700915515422821 1
1764594424723 0.7056070566177368 1
1764594424724 0.6943715810775757 2
1764594424724 0.6907445192337036 2
1764594424725 0.685653805732727 2
1764594424725 0.6950230002403259 2
1764594424726 0.6915561556816101 2
1764594424726 0.6875699758529663 2
1764594424727 0.6928142309188843 2
1764594424728 0.6964706778526306 2
1764594424728 0.6945646405220032 2
1764594424729 0.6850497722625732 2
1764594424729 0.6784430742263794 2
1764594424730 0.7207159996032715 2
1764594424730 0.710706889629364 2
1764594424731 0.6825198531150818 2
1764594424731 0.6941981911659241 2
1764594424732 0.6989598274230957 2
1764594424732 0.6862626075744629 3
1764594424733 0.6829535961151123 3
1764594424734 0.6930849552154541 3
1764594424734 0.6791635751724243 3
1764594424735 0.6851680278778076 3
1764594424735 0.702459454536438 3
1764594424736 0.6819025874137878 3
1764594424736 0.7068057656288147 3
1764594424737 0.6827938556671143 3
1764594424737 0.704285740852356 3
1764594424738 0.6842495799064636 3
1764594424738 0.6976234912872314 3
1764594424739 0.6972219347953796 3
1764594424739 0.7020899057388306 3
1764594424740 0.6958490610122681 3
1764594424740 0.6895996332168579 3
1764594424741 0.6924744248390198 4
1764594424741 0.6817761659622192 4
1764594424742 0.6877785921096802 4
1764594424742 0.7001222968101501 4
1764594424743 0.6975237727165222 4
1764594424743 0.6896368265151978 4
1764594424744 0.6910102367401123 4
1764594424745 0.6912664175033569 4
1764594424745 0.6877070665359497 4
1764594424746 0.685915470123291 4
1764594424746 0.6870327591896057 4
1764594424747 0.6931774020195007 4
1764594424747 0.6900174021720886 4
1764594424748 0.6878355741500854 4
1764594424748 0.6876726150512695 4
1764594424749 0.7004500031471252 4
1764594424749 0.6828846335411072 5
1764594424750 0.6864293217658997 5
1764594424750 0.6980845332145691 5
1764594424751 0.6899758577346802 5
1764594424751 0.6767523288726807 5
1764594424752 0.6943243741989136 5
1764594424752 0.685858428478241 5
1764594424753 0.6817774772644043 5
1764594424753 0.6937701106071472 5
1764594424754 0.690727949142456 5
1764594424754 0.6881849765777588 5
1764594424755 0.7091106176376343 5
1764594424756 0.6847295761108398 5
1764594424756 0.6903786659240723 5
1764594424757 0.7123451828956604 5
1764594424757 0.6905322074890137 5
1764594424758 0.6858592629432678 6
1764594424758 0.6644302010536194 6
1764594424759 0.6851781010627747 6
1764594424759 0.6916472911834717 6
1764594424760 0.7106384634971619 6
1764594424760 0.6828129291534424 6
1764594424761 0.663654088973999 6
1764594424761 0.6943038702011108 6
1764594424762 0.6860823035240173 6
1764594424762 0.6800678968429565 6
1764594424763 0.6974389553070068 6
1764594424763 0.696713924407959 6
1764594424764 0.7029404640197754 6
1764594424764 0.6980870962142944 6
1764594424765 0.7009283304214478 6
1764594424766 0.6902410984039307 6
1764594424766 0.6761975288391113 7
1764594424767 0.6907975673675537 7
1764594424767 0.6866480112075806 7
1764594424768 0.6680818200111389 7
1764594424768 0.6881601810455322 7
1764594424769 0.6813220977783203 7
1764594424769 0.6885964274406433 7
1764594424770 0.693157970905304 7
1764594424770 0.7102604508399963 7
1764594424771 0.7119051814079285 7
1764594424771 0.6967580318450928 7
1764594424772 0.7008867859840393 7
1764594424772 0.6745024919509888 7
1764594424773 0.6861553192138672 7
1764594424773 0.6978453993797302 7
1764594424774 0.6793064475059509 7
1764594424774 0.6900593638420105 8
1764594424775 0.6926058530807495 8
1764594424776 0.6872950792312622 8
1764594424776 0.6698818802833557 8
1764594424777 0.6613187789916992 8
1764594424777 0.6924988031387329 8
1764594424778 0.696212112903595 8
1764594424778 0.6741610765457153 8
1764594424779 0.6717586517333984 8
1764594424779 0.6818958520889282 8
1764594424780 0.6973018646240234 8
1764594424780 0.696911096572876 8
1764594424781 0.6841068267822266 8
1764594424781 0.6860605478286743 8
1764594424782 0.7257567644119263 8
1764594424782 0.702360987663269 8
1764594424783 0.7018461227416992 9
1764594424783 0.6805576086044312 9
1764594424784 0.6907476186752319 9
1764594424784 0.7014659643173218 9
1764594424785 0.6886916160583496 9
1764594424785 0.6878262758255005 9
1764594424786 0.6946198344230652 9
1764594424786 0.6680878400802612 9
1764594424787 0.6931574940681458 9
1764594424788 0.6835715770721436 9
1764594424788 0.6771097779273987 9
1764594424789 0.675194501876831 9
1764594424789 0.698381781578064 9
1764594424790 0.6888043284416199 9
1764594424790 0.6813609600067139 9
1764594424791 0.6757457256317139 9
1764594424705 0.6938642263412476 0
1764594424706 0.7060190439224243 0
1764594424707 0.7171177864074707 0
1764594424707 0.6968953013420105 0
1764594424708 0.6851224899291992 0
1764594424708 0.7071722149848938 0
1764594424709 0.7025963068008423 0
1764594424710 0.704140305519104 0
1764594424710 0.7091608047485352 0
1764594424711 0.7062332630157471 0
1764594424711 0.6730737686157227 0
1764594424712 0.6953686475753784 0
1764594424712 0.7048608064651489 0
1764594424713 0.6954618692398071 0
1764594424713 0.69455885887146 0
1764594424714 0.6943876147270203 0
