1764594424705 0.6938642263412476 0 324568087d184cf8a13321b8cf416065
1764594424706 0.7060190439224243 0 324568087d184cf8a13321b8cf416065
1764594424707 0.7171177864074707 0 324568087d184cf8a13321b8cf416065
1764594424707 0.6968953013420105 0 324568087d184cf8a13321b8cf416065
1764594424708 0.6851224899291992 0 324568087d184cf8a13321b8cf416065
1764594424708 0.7071722149848938 0 324568087d184cf8a13321b8cf416065
1764594424709 0.7025963068008423 0 324568087d184cf8a13321b8cf416065
1764594424710 0.704140305519104 0 324568087d184cf8a13321b8cf416065
1764594424710 0.7091608047485352 0 324568087d184cf8a13321b8cf416065
1764594424711 0.7062332630157471 0 324568087d184cf8a13321b8cf416065
1764594424711 0.6730737686157227 0 324568087d184cf8a13321b8cf416065
1764594424712 0.6953686475753784 0 324568087d184cf8a13321b8cf416065
1764594424712 0.7048608064651489 0 324568087d184cf8a13321b8cf416065
1764594424713 0.6954618692398071 0 324568087d184cf8a13321b8cf416065
1764594424713 0.69455885887146 0 324568087d184cf8a13321b8cf416065
1764594424714 0.6943876147270203 0 324568087d184cf8a13321b8cf416065
